Au_Cu										
Potential	current_density	H_{2}	CO	Formate	CH_{4}	C_{2}H_{4}	Ethanol	n-Propanol	Allylalcohol Methanol Acetate	Ethyleneglycol
7
11
0.1										
7.93E-05
-0.60	-0.82	0.7103	0.0369	0.0568	0.0000	0.0000	0.0000	0.0000	0.0000	0.0000	0.0000	0.0000
-0.69	-1.17	0.3647	0.1964	0.2079	0.0003	0.0593	0.0345	0.0361	0.0000	0.0000	0.0055	0.0000
-0.81	-2.16	0.4907	0.1863	0.1529	0.0007	0.0428	0.0194	0.0276	0.0000	0.0000	0.0023	0.0011
-0.91	-3.40	0.5509	0.2457	0.0908	0.0018	0.0260	0.0130	0.0209	0.0046	0.0003	0.0030	0.0004
-0.97	-8.17	0.4554	0.0315	0.0226	0.0340	0.1236	0.0582	0.0472	0.0164	0.0011	0.0027	0.0026
-1.02	-12.91	0.5319	0.0320	0.0209	0.1235	0.0725	0.0386	0.0231	0.0041	0.0006	0.0036	0.0012
-1.08	-15.29	0.5687	0.0173	0.0124	0.1580	0.0631	0.0336	0.0102	0.0047	0.0012	0.0011	0.0012